0000000000000000
0000000000000000
0000000000000000
0000000000000000
0000
5000303000000000
1020303000000000
0010200050000000
6000000000000000
5000303000000010
2000040000000050
6000500030002010
0000000000000000
0010200000000000
3000400000000000
0010000010200030
4000000000000000
5000303000000030
1020303000000050
6000000000001020
0000000000000003
3000000010000020
0000000000000000
0010605000300010
2000000000000001
3000005000000000
3000400000000010
2000000010000000
5000000000000002
3000001000000000
5000000000000000
0010203030000010
3000000000000005
0000000050000000
1020303000000010
2030000000000050
6000001030000000
0000000010300020
5000000000000000


