0000000000000000
0000000000000000
0000000000000000
0000000000000000
0000000000000000
0000000000000000
0000000000000000
0000000000000000
0000000000000000
1020001020000000
1020001020001000
2000001030002000
5000000000001020
3000001020005000
1000200010003000
4000000000000000
5000000000000000
1020001020000000
1020001020001000
2000001030002000
5000000000001020
3000001020005000
1000200010003000
4000000000000000
5000000030003000
3000000000000000
0000000000001020
1020001050000000
6000000000000050
1000200030004000
5000600000000030
2000100030003000
3000300000001020
5000000000000000
0060000000001020
1020001050000000
6000000000000050
1000200030004000
5000600000000030
2000100030003000
3000300000001020
5000000000000000
0060003000100000
6000000000000000

